78779073
240248035
79626131
79628903
80231368
80231369
80232837
80232851
80232718
80232126
80232940
80232942
80602399
80602246
80588870
81542260
81195833
81196342
81196388
82348987
82353215
82353461
82357708
82357516
82357517
82357639
83243369
83243775
83243777
83243962
83244014
83244057
83243869
83245597
83245641
83245648
83244800
83244962
83245131
83245141
83245149
83245302
83245786
83246220
83246264
83246277
83246377
83246466
83245997
83710210
84416363
84425703
84440238
83710082
83710085
84443130
84447806
84173213
84173215
84173233
84173480
84173809
84173810
84173898
84173918
84173929
85775725
86064580
86065007
86065115
87620558
87620691
87620986
86558193
88355964
85776044
85776061
85776063
88707157
89213672
89213703
87008683
88356757
88707302
89219049
85776155
88706345
88706378
86336857
86336925
86064934
88707612
86064544
87878086
88707941
88707950
88706554
86336945
90886567
92541954
91205057
92542041
89581331
91523829
89580522
92701709
92701728
91205302
91902288
91902289
91902296
91902298
91902299
91902378
101514810
89581166
91205343
90886776
91204193
92538956
91902083
91902084
89580769
89580782
89580815
89580869
89219580
159841815
160027363
166764635
137686571
137686826
116074361
119343207
127829426
142062434
142062680
142566146
132144716
132229686
135292929
135292936
135471240
101518400
135495012
114270169
114270417
137201767
142367586
119567130
135473105
151907473
152029951
101540020
119140583
151806367
160125094
162901927
151879349
151907856
151907865
151907884
164379115
101606609
164875727
164875729
164875814
101609713
115479797
101614387
159622809
256045292
170646981
255995757
169534509
173823313
291280332
291758586
219598082
219598137
219598324
219598394
219598467
219693778
219693808
170545243
170545245
170545311
221090619
219770853
174185314
224535217
177407256
218329911
218334601
190486938
219218402
217618383
489816681
335878910
341709455
459918902
487079972
579065630
579065657
492415995
578983127
607704674
588485851
578983314
642570744
579064792
588484999
578981838
589288511
579065305
588484049
729375898
741231958
616274152
645499484
737484167
674544213
732347365
745238775
745238777
745238781
745238866
745238622
588945198
588945199
732227909
588374986
588375220
588375232
731806993
731807040
588375316
737647436
588375465
844028820
745248230
844029183
788049166
849315565
859710367
759385173
758963842
745238868
745239041
745239074
745239078
759386444
837627424
759517510
764117242
845177921
764117513
871511346
844446665
764117978
764118029
777595773
764116873
78779414
80231322
80231378
80232838
80232687
80602101
80232925
80232938
81195858
81195731
81196351
81196738
81196739
81196743
81196577
81196629
81196096
82357656
82357657
82357669
82357679
82357680
82357683
82357697
82357701
82357705
82357725
81874631
81874633
81874856
82357515
83243554
83243331
83243333
83244584
83243714
83243776
83244073
83244289
83243826
83245443
83245528
83245551
83245586
83245637
83245645
83245686
83245695
83244851
83245151
83245280
83245799
83246159
83246222
83246269
83246289
83246300
83246361
83246521
83710222
83710308
83710319
83710321
84440918
84440924
84440926
84416369
84425408
83710081
84442570
84442635
84447632
84173694
84173998
84174101
84174106
84174221
84174248
84174559
84174596
85383256
86065118
87620601
87878347
86336575
87620988
89219330
85776041
88707086
87324859
86064784
89218955
87621071
87621170
86336848
86336849
86336856
86336910
87324574
88356896
89219145
88707857
86058903
86060713
86558192
88707949
88706484
90886466
90886474
92541349
92541834
91205058
91205146
91205148
91205151
92542208
91204462
91902291
90886641
92541506
91523885
101508376
89580701
90886111
91523228
91523239
91902086
89581313
89580818
92701880
91204290
89219572
159754168
160027358
166764667
166764673
166764677
166764684
163303110
167587255
167587257
142062508
132229865
132229903
132229941
132145276
132227735
142466472
101617298
101518405
119366076
135472434
114259336
114468383
116844929
119575606
135473120
152029948
101540018
160125092
151907867
164379100
164379120
135551398
136348961
154771347
115480175
101614392
101614394
196776159
170647034
255995731
255995743
255995754
255995768
183421080
169534511
271546183
186342189
185838506
260808813
262052180
287641113
305467165
219231791
226045280
218759803
218759806
219598530
219693834
197136698
221090630
172835877
219770850
219770983
173282398
177407214
177407228
187568685
190486723
218661134
219157154
219162576
219218585
440164166
489522945
447825871
340370665
401502851
349550987
377089148
380097881
340701304
376929813
376941455
644344429
579064730
731806919
588484679
588486336
579065063
641961223
731806892
731806909
496017851
589125011
579065433
667843939
517284955
589722483
589435008
732347378
732347401
735264808
745238806
745230054
745238621
745238652
737442730
732211475
737559124
732227664
588375004
588375089
566416241
745238668
588375159
588375169
588375185
629923631
745126777
588375317
737647490
588375439
759517131
838720985
837513851
844029167
859711418
788049059
859710111
849315558
859709460
859709513
745238903
859709647
745239021
745239039
859709837
859710651
759279229
759114083
764117054
764117062
764117244
862664400
761990486
764115518
764117979
764116408
764118478
764118517
764116583
764116589
764116872
79256132
79256648
79628904
79628958
79629044
80231354
80232863
80232244
80232284
80232704
80232920
80232924
81196684
81196743
82357501
82357504
82357655
81196977
81197062
81197092
81197120
81875054
81875548
83243339
83244733
83243986
83243995
83244379
83244390
83244421
83243813
83243879
83245429
83245575
83245602
83245688
83244870
83244913
83245118
83245127
83245132
83245146
83709315
83245873
83246164
83246342
83246465
83245948
83710252
83710288
84425120
83710119
83710133
84173008
84442576
84447654
84173062
84173392
84173693
84173976
84174058
84174185
84173261
84173266
84174517
84174595
86065089
86065119
87620652
87620690
87878346
86336576
86336589
87878598
87620985
86060768
86060809
86558200
88707046
87324893
86336740
86336743
86336744
86064720
86064746
86064783
85776157
86558032
88707574
88707576
86336851
87324619
86064853
88707853
86558106
86558133
86558171
88707861
87621243
86336944
89213629
90886558
92541331
91204899
92541835
92541936
91204983
91205131
92542131
92542169
92243905
89581363
89580582
91204433
91204434
91204463
91205332
101514811
91204194
92541558
92541566
91902082
89580803
92701881
137371528
159754296
157061386
166764701
115557714
116073979
137686824
119567266
132144714
132229774
132229829
132229915
132227807
142451048
101617087
101617312
101617395
114493390
135495109
114458638
119352863
151806348
151806379
101561918
101604249
101606605
135551347
164841698
164875719
157022490
157067736
101614396
101614401
256081102
256081196
256081198
256081200
276254258
284982850
289926446
169658628
169534503
169534505
169534517
169534521
169534525
285429954
287708317
218219599
232161344
219598465
220362223
224535244
177407023
218329467
203057795
218707944
219538338
219598068
339497111
366593360
456110833
469367732
469625862
489137960
489137971
607705267
636525617
588484619
579064905
731806907
528524220
579065733
578982303
579065562
737559696
621284647
727569358
735223689
735136144
735223438
735223471
745238778
745238779
740003019
578986815
732211563
732211628
732211646
588374973
588374985
588375087
731807388
588375164
588375180
588375197
588375216
588375217
588375225
731807008
731807039
731807445
844028803
844028816
844029966
849315564
759385937
859710368
759142760
745238914
745238926
745239040
844029606
822167561
759142067
759142088
759517511
759114082
759114084
764117061
764117063
764117241
845177920
821051768
764116188
78779036
78772535
245545716
79256649
79626146
79628460
79628777
80232809
80232305
80232558
80232572
80231781
80231846
80602249
81195827
81196742
81196925
81196564
82348981
82353213
82357458
82357703
82357704
81874650
81196975
81197044
81197121
82357525
83243591
81875547
83243329
83244586
83245460
83245573
83245603
83245607
83245634
83245640
83245713
83245129
83245247
83246587
83709321
83245798
83710044
83246265
83246295
83246326
83246404
83710213
83710230
83710253
84425748
84440370
83710087
84442553
84173161
84173186
84442720
84173458
84173640
84173690
84173788
85775498
85383259
86065116
86336546
85776060
88707156
89213671
89213744
87324861
87324895
86336736
86336737
87008682
85776156
89215223
87621102
86336850
86336911
86336924
87324573
87324687
88356816
88356897
88707655
89219146
88707855
88707859
86054364
86059828
86558139
88707864
87621317
86336947
92541266
91204985
91205053
92542207
89580516
92701624
91204460
92243991
92244045
92244048
101468665
89581081
89581168
90886395
92701878
92701883
91204769
89219537
89219547
101615892
111885112
159873686
166764691
115557663
163676257
163676262
142062422
142062465
163773531
132229740
132229763
132227737
101617321
111907641
135292764
135471232
135495079
136910621
114270177
114270415
101518944
119575580
101525696
145098379
151806356
101546120
101546158
151907879
151982916
115479799
115480173
256045294
256081194
256081230
265922618
289926443
292110596
255995718
255995763
169534527
169534529
169534531
185338179
262052736
218017301
298527708
175627691
291553292
290112284
219450117
219598347
170545260
171278717
173282395
174699113
218666704
219218401
217550978
219538342
219598074
363257253
349551014
405676845
484533246
484688250
588485640
521921324
579113223
627368229
588485985
579064759
588484554
727535654
579065481
517284972
732714864
741231957
589722416
740163560
735223702
529758044
732347367
732347392
745238824
588374950
566416475
745238671
588375205
588375210
731807038
731807062
588375307
737647440
588375430
844028811
859710869
759517309
844030182
844030194
837513871
859711066
839803186
749543737
749543848
869208862
849315563
759278977
759385932
761645252
859710449
745238942
745239020
745239022
745239023
745239073
745239075
759142070
759142120
844028931
759517503
759517505
844029721
759517838
764117060
764118113
764116214
764116582
78779035
79626137
79628778
79629013
80231348
80232791
80232834
80232864
80232501
80232559
80231855
80232927
80232941
81542325
81195730
81196209
81196457
81196560
82348994
82357454
82357500
82357509
82357662
81197119
82357513
82357518
83243578
83243631
81875480
83244627
83244074
83244377
83243808
83245444
83245490
83245598
83245635
83245642
83245646
83244950
83245070
83245140
83245145
83245310
83709311
83245785
83246234
83246258
83246296
83246327
83246470
83246577
83710267
84440920
84422837
84440381
84440400
83710167
84172932
84172951
84172991
84442578
84443062
84449707
84173214
84173219
84173567
84174006
85383254
86065117
87878223
86336417
88706822
86060778
89213673
86336696
86336733
86336738
86336739
87008670
86064723
86064779
86064823
88706376
86336843
86336847
86336905
88356907
86064850
86064913
86064926
86064933
88707810
88707858
88707860
86058907
87878083
86336966
90886481
90886545
92541325
92541333
92541857
91204982
91205052
91205059
91205145
92542186
89581332
91205745
89580533
91204459
91204461
91902297
91902377
90886691
101518180
92243967
91523125
89581170
89580689
92701838
90886773
90886777
90886791
90886808
92541554
92541565
91902032
91902081
101517530
89580857
101615894
111885093
159754171
152044047
152044075
152044102
152044105
166764675
166764709
137686664
163269823
130034085
142062432
142062472
142062673
142079924
163864234
164790543
101616000
101617230
101617379
101618254
101618257
119366074
122203932
114270193
116844565
119575572
119575611
119340992
119352861
159470479
146480826
160125057
135551385
135551580
164841693
164875759
164875861
159590903
256081232
289926440
255995837
168741492
169534513
256130726
256155021
185338176
186342214
264354571
290825617
255256735
219598115
219598124
219693805
170544868
172689409
177407087
217618990
455155874
341709513
429319868
480040244
376941466
488875272
579066141
588484138
588485641
588484294
588484553
579064724
731806883
588485070
578981902
578982069
578982230
578982283
579065355
579065868
588484043
589722472
589722478
616274151
616274153
645499483
723577439
735223688
732347402
745238774
741340695
745238607
745238608
745238620
737444641
738962583
588945260
588375066
588375077
588375091
745238669
588375222
667801926
588375434
588375456
844029932
838720950
838721058
759517324
759385326
825046875
759518085
749544013
749544014
844430780
797771969
844029288
859711408
844029601
842566802
842566819
759142761
759385956
745238869
745238924
745239013
759142068
759142122
759517518
764117243
844446655
764115730
821758162
79628920
79629047
80231287
80231318
80231395
80232810
80231977
80232402
80232577
80232665
80232725
80232921
80602370
80602247
80602248
80602282
81195861
81195698
81195813
81196779
81196911
81196912
81196574
81196631
81196086
82357508
81874652
81196972
81196976
82357567
82357648
81875454
83243898
83245488
83245599
83245638
83245643
83245644
83244790
83244961
83245102
83245113
83245116
83245143
83245152
83245171
83245197
83245252
83245300
83245749
83245800
83246134
83246143
83246268
83246291
83246299
83246464
83246478
83246568
83710320
84440922
84440931
84416360
84425713
84428622
84440388
83710056
84172958
84172984
84442515
84442639
84449764
84173063
84173082
84173408
84173600
84173792
84173258
85775609
85775687
84174246
84174590
86336485
88706823
86060810
86558196
87612274
88355966
88707155
87008669
87008681
86064791
86558031
86336846
87324562
87324631
87324663
86064854
86064927
88707684
86059154
86059158
86558137
86558138
86558172
86558173
87878080
87324757
90886484
90886495
90886498
92541311
101512643
92542133
101517769
89581360
91204386
91205331
91902293
90886645
92541505
92244044
92354863
92701763
91204512
92541557
92541582
92541619
90886100
91523244
92700560
91204288
92541813
152044068
157061302
160027551
166764693
166791611
115557495
137686587
137686682
163549168
167596573
119567264
142062659
142062670
142566140
132191715
132229724
132229951
132145273
114151460
101617381
101618269
101518398
101518402
101518403
114270167
101518961
116844590
116845000
119377738
101525694
101604256
164379113
164379118
154770602
101614389
256081193
172826590
255995708
255995835
169534507
256155047
185338209
271546172
254242141
287573786
287641115
232161340
255195056
219598117
219598298
219693832
168384172
170545450
185843226
224535242
177407116
177407147
217618676
218884768
341598920
347392344
370866729
370866736
417617336
579065663
603837132
579064711
731806910
588531160
588485134
571344361
578981756
578981859
578981948
574287595
588485587
589292106
589393818
578982100
579065830
519020965
741053583
540007660
737484185
639814559
732347394
732347395
745238809
745238867
741340696
741340696
588374958
738962662
588375051
740164574
588375163
588375170
588375191
588375202
588375227
731807063
588375294
588375303
588375308
731807476
678091293
844029889
841539044
844030041
844030153
837513862
825046870
759518039
788049165
859710255
859709664
745239012
745239072
859709792
759279248
759114086
764115731
808856711
813423873
813423879
79256629
79628433
79256019
79628789
80232298
80232890
80602385
80602218
80602311
80600958
81196290
81196356
82348993
82355932
82357477
82357502
82357510
82357706
82357707
81874861
82357512
83243608
83243636
83244585
83243665
83243773
83243988
83244052
83245601
83245639
83245647
83244811
83244832
83244943
83245178
83245317
83709324
83245839
83709975
83246233
83246520
83246545
83246546
84440934
84416361
84425406
84429966
84440415
84440860
83710126
84443162
84445682
84447640
84173055
84173160
84442411
84442413
84442797
84173393
84173437
84174113
84173259
85775539
84174597
86336577
87620931
87620952
85776040
85776057
87877865
88707041
89213667
87324864
86336734
86336735
86336763
88707575
86336840
86336842
87324612
88356814
88356898
86064855
86064914
86064917
86064920
88707854
86054366
86059162
86059821
86558131
87878087
88707862
88707863
88707942
90886475
90886570
91204892
91204900
92541909
91205056
101512645
91205152
91205157
92542132
92542206
92542210
101517877
91205677
89580523
89580598
91204435
91523884
89581177
91205344
91204195
92232943
89581206
89581314
101509300
89580783
89580800
92701879
111885163
137440968
137549598
157061329
157061377
116073985
163303108
167587228
119573046
130034011
142062474
132229874
101616711
101617377
101618260
101518960
116844597
101534307
160124821
101606633
164875744
164875817
164875859
154770598
154792261
154799008
157125154
101614385
101614391
101614408
101615642
159590908
159590917
284982852
170646988
255995721
255995852
168741494
169534519
256155049
186342217
212444691
285203522
219598085
219598350
219598399
219598512
219598514
219693770
168384179
219770728
212340470
221248593
224535240
217625768
177407212
218329914
219162530
219162531
212397516
357327701
340370662
419460577
345732823
469367766
376457025
443573108
480040247
422371653
603824326
618053620
620397297
657067788
579064901
588484860
579107804
578982054
579065829
578982825
645505322
589733434
727025314
732347393
588483635
745238773
745238780
745238810
737444640
634633279
732211476
738962589
588374953
732227663
588375046
588375048
588375049
588375079
588375085
588375092
745238675
588375173
588375214
588375218
588375221
588375226
731807037
731807074
588375461
759519809
844029981
838721051
837513852
749543935
866451917
893853653
788049186
842566824
759385938
745238913
745239070
745239071
745239077
759517513
844029672
759279228
759517839
842553640
793204373
764115643
764118028
764118480
764118519
808466660
821758142
78773519
78779415
79628468
79628779
79629038
79629041
79629042
79629077
79629078
80231388
80232735
80232833
80232401
80232140
80232144
80232939
80602275
80600960
81542175
81541673
81541734
81196570
81196576
81196578
81196602
81196617
82357475
82357503
82357507
82357702
83243474
83243592
81875549
81875567
83243328
83243382
83243715
83244244
83244389
83243878
83245430
83245636
83245696
83244839
83244920
83245246
83245301
83245309
83709308
83246163
83246328
83246341
83246376
83246547
83246548
83710212
83710264
84440928
84440936
84440938
84410494
84442550
84443164
84447634
84447804
84449107
84173195
84442722
84173406
84173590
84173787
84174005
85775610
85775768
84174589
86065088
86336414
88706821
86336547
89218911
89218919
85776064
88707047
89213649
89213662
86064782
86557608
88706377
88706441
86336837
86336940
87324575
87324611
87324632
88356785
88356895
86064918
86064501
87620456
88707856
86057820
86558132
88707865
86336964
88706161
90886499
91205147
91205158
101506710
89580597
91902290
90886644
91901941
89581178
89580658
92701735
91204623
90886108
89581231
101509298
89580770
89580817
89580844
92701882
92700551
92700576
111885079
111885098
159873693
152044056
137443255
137443880
157061344
160027553
115557660
141292913
116074400
119343210
130033956
142062546
142062657
101616072
132229701
132229814
132267818
101616771
101617288
101618272
101882403
135495002
135495008
114270388
116844567
135473122
132236162
132272654
101540449
101540451
151806339
151806397
101604247
151907847
164875550
164875552
164875757
157067740
159590902
159590927
256081203
255878465
183421085
169534515
169534523
256080939
186342192
285429959
185838304
185838519
261122384
275724661
290165453
212444694
245815254
219598093
219598467
219598567
219693766
175717681
185843223
174699115
177407114
489257576
341709642
414545151
456110828
463304557
469367736
345610765
376845711
443573104
480040242
487080004
338646103
371082060
488875293
579065658
579065664
588484098
564859237
564859242
530863492
623622617
579064742
588486193
710178310
578981768
578981844
589124873
589393819
578982302
578982371
732714863
737482849
634129767
589733436
737483906
590789288
589435002
639814560
727992500
727992501
735223686
735223687
745238829
741340695
745238619
745238623
745238630
737559789
737559822
732227658
727518405
745238670
745238676
588375161
588375444
588375445
759517118
859710926
844028858
859710980
759385288
837513858
837513861
759517369
844029083
788048828
749544015
859711409
859711450
881781507
842566818
842566820
859710513
745239076
839458729
759517496
859710672
758964619
759517840
759114094
843854317
745392216
813423866
813423876
828242033
